% -------------------------------------------------------------------
%  Generated by MATLAB on 26-Jun-2020 16:26:49
%  MATLAB version: 9.4.0.813654 (R2018a)
% -------------------------------------------------------------------
                                   

PLN_INFO = struct;
PLN_INFO.Total_MU = 0;
PLN_INFO.Total_CPs = 23;
PLN_INFO.CP_info = cell(23, 4);
% gantry angle
PLN_INFO.CP_info{1,1} = 0;
PLN_INFO.CP_info{2,1} = 0;
PLN_INFO.CP_info{3,1} = 0;
PLN_INFO.CP_info{4,1} = 0;
PLN_INFO.CP_info{5,1} = 0;
PLN_INFO.CP_info{6,1} = 0;
PLN_INFO.CP_info{7,1} = 0;
PLN_INFO.CP_info{8,1} = 0;
PLN_INFO.CP_info{9,1} = 0;
PLN_INFO.CP_info{10,1} = 0;
PLN_INFO.CP_info{11,1} = 0;
PLN_INFO.CP_info{12,1} = 0;
PLN_INFO.CP_info{13,1} = 0;
PLN_INFO.CP_info{14,1} = 0;
PLN_INFO.CP_info{15,1} = 0;
PLN_INFO.CP_info{16,1} = 0;
PLN_INFO.CP_info{17,1} = 0;
PLN_INFO.CP_info{18,1} = 0;
PLN_INFO.CP_info{19,1} = 0;
PLN_INFO.CP_info{20,1} = 0;
PLN_INFO.CP_info{21,1} = 0;
PLN_INFO.CP_info{22,1} = 0;
PLN_INFO.CP_info{23,1} = 15;
% XJAW
PLN_INFO.CP_info{1,2} = [-10; 10];
PLN_INFO.CP_info{2,2} = [-25; 25];
PLN_INFO.CP_info{3,2} = [-50; 50];
PLN_INFO.CP_info{4,2} = [-125; 125];
PLN_INFO.CP_info{5,2} = [-175; 175];
PLN_INFO.CP_info{6,2} = [-25; 25];
PLN_INFO.CP_info{7,2} = [-50; 50];
PLN_INFO.CP_info{8,2} = [-125; 125];
PLN_INFO.CP_info{9,2} = [-25; 25];
PLN_INFO.CP_info{10,2} = [-50; 50];
PLN_INFO.CP_info{11,2} = [-125; 125];
PLN_INFO.CP_info{12,2} = [-25; 25];
PLN_INFO.CP_info{13,2} = [-125; 125];
PLN_INFO.CP_info{14,2} = [0; 100];
PLN_INFO.CP_info{15,2} = [0; 100];
PLN_INFO.CP_info{16,2} = [-25; 25];
PLN_INFO.CP_info{17,2} = [-75; 75];
PLN_INFO.CP_info{18,2} = [0; 100];
PLN_INFO.CP_info{19,2} = [-100; 100];
PLN_INFO.CP_info{20,2} = [-100; 100];
PLN_INFO.CP_info{21,2} = [-100; 100];
PLN_INFO.CP_info{22,2} = [-100; 100];
PLN_INFO.CP_info{23,2} = [-50; 50];
% YJAW
PLN_INFO.CP_info{1,3} = [-10; 10];
PLN_INFO.CP_info{2,3} = [-25; 25];
PLN_INFO.CP_info{3,3} = [-50; 50];
PLN_INFO.CP_info{4,3} = [-125; 125];
PLN_INFO.CP_info{5,3} = [-175; 175];
PLN_INFO.CP_info{6,3} = [-25; 25];
PLN_INFO.CP_info{7,3} = [-50; 50];
PLN_INFO.CP_info{8,3} = [-125; 125];
PLN_INFO.CP_info{9,3} = [-25; 25];
PLN_INFO.CP_info{10,3} = [-50; 50];
PLN_INFO.CP_info{11,3} = [-125; 125];
PLN_INFO.CP_info{12,3} = [-125; 125];
PLN_INFO.CP_info{13,3} = [-25; 25];
PLN_INFO.CP_info{14,3} = [-100; 0];
PLN_INFO.CP_info{15,3} = [-100; 100];
PLN_INFO.CP_info{16,3} = [-25; 25];
PLN_INFO.CP_info{17,3} = [-75; 75];
PLN_INFO.CP_info{18,3} = [-100; 0];
PLN_INFO.CP_info{19,3} = [-100; 0];
PLN_INFO.CP_info{20,3} = [-100; 100];
PLN_INFO.CP_info{21,3} = [-100; 100];
PLN_INFO.CP_info{22,3} = [-100; 100];
PLN_INFO.CP_info{23,3} = [-50; 50];
% MLC position
PLN_INFO.CP_info{1,4} = ...
  [-10 10;
   -10 10;
   -10 10;
   -10 10;
   -10 10;
   -10 10;
   -10 10;
   -10 10;
   -10 10;
   -10 10;
   -10 10;
   -10 10;
   -10 10;
   -10 10;
   -10 10;
   -10 10;
   -10 10;
   -10 10;
   -10 10;
   -10 10;
   -10 10;
   -10 10;
   -10 10;
   -10 10;
   -10 10;
   -10 10;
   -10 10;
   -10 10;
   -10 10;
   -10 10;
   -10 10;
   -10 10;
   -10 10;
   -10 10;
   -10 10;
   -10 10;
   -10 10;
   -10 10;
   -10 10;
   -10 10;
   -10 10;
   -10 10;
   -10 10;
   -10 10;
   -10 10;
   -10 10;
   -10 10;
   -10 10;
   -10 10;
   -10 10;
   -10 10;
   -10 10;
   -10 10;
   -10 10;
   -10 10;
   -10 10;
   -10 10;
   -10 10;
   -10 10;
   -10 10;
   -10 10;
   -10 10;
   -10 10;
   -10 10;
   -10 10;
   -10 10;
   -10 10;
   -10 10;
   -10 10;
   -10 10;
   -10 10;
   -10 10;
   -10 10;
   -10 10;
   -10 10;
   -10 10;
   -10 10;
   -10 10;
   -10 10;
   -10 10];
PLN_INFO.CP_info{2,4} = ...
  [-25 25;
   -25 25;
   -25 25;
   -25 25;
   -25 25;
   -25 25;
   -25 25;
   -25 25;
   -25 25;
   -25 25;
   -25 25;
   -25 25;
   -25 25;
   -25 25;
   -25 25;
   -25 25;
   -25 25;
   -25 25;
   -25 25;
   -25 25;
   -25 25;
   -25 25;
   -25 25;
   -25 25;
   -25 25;
   -25 25;
   -25 25;
   -25 25;
   -25 25;
   -25 25;
   -25 25;
   -25 25;
   -25 25;
   -25 25;
   -25 25;
   -25 25;
   -25 25;
   -25 25;
   -25 25;
   -25 25;
   -25 25;
   -25 25;
   -25 25;
   -25 25;
   -25 25;
   -25 25;
   -25 25;
   -25 25;
   -25 25;
   -25 25;
   -25 25;
   -25 25;
   -25 25;
   -25 25;
   -25 25;
   -25 25;
   -25 25;
   -25 25;
   -25 25;
   -25 25;
   -25 25;
   -25 25;
   -25 25;
   -25 25;
   -25 25;
   -25 25;
   -25 25;
   -25 25;
   -25 25;
   -25 25;
   -25 25;
   -25 25;
   -25 25;
   -25 25;
   -25 25;
   -25 25;
   -25 25;
   -25 25;
   -25 25;
   -25 25];
PLN_INFO.CP_info{3,4} = ...
  [-50 50;
   -50 50;
   -50 50;
   -50 50;
   -50 50;
   -50 50;
   -50 50;
   -50 50;
   -50 50;
   -50 50;
   -50 50;
   -50 50;
   -50 50;
   -50 50;
   -50 50;
   -50 50;
   -50 50;
   -50 50;
   -50 50;
   -50 50;
   -50 50;
   -50 50;
   -50 50;
   -50 50;
   -50 50;
   -50 50;
   -50 50;
   -50 50;
   -50 50;
   -50 50;
   -50 50;
   -50 50;
   -50 50;
   -50 50;
   -50 50;
   -50 50;
   -50 50;
   -50 50;
   -50 50;
   -50 50;
   -50 50;
   -50 50;
   -50 50;
   -50 50;
   -50 50;
   -50 50;
   -50 50;
   -50 50;
   -50 50;
   -50 50;
   -50 50;
   -50 50;
   -50 50;
   -50 50;
   -50 50;
   -50 50;
   -50 50;
   -50 50;
   -50 50;
   -50 50;
   -50 50;
   -50 50;
   -50 50;
   -50 50;
   -50 50;
   -50 50;
   -50 50;
   -50 50;
   -50 50;
   -50 50;
   -50 50;
   -50 50;
   -50 50;
   -50 50;
   -50 50;
   -50 50;
   -50 50;
   -50 50;
   -50 50;
   -50 50];
PLN_INFO.CP_info{4,4} = ...
  [-125 125;
   -125 125;
   -125 125;
   -125 125;
   -125 125;
   -125 125;
   -125 125;
   -125 125;
   -125 125;
   -125 125;
   -125 125;
   -125 125;
   -125 125;
   -125 125;
   -125 125;
   -125 125;
   -125 125;
   -125 125;
   -125 125;
   -125 125;
   -125 125;
   -125 125;
   -125 125;
   -125 125;
   -125 125;
   -125 125;
   -125 125;
   -125 125;
   -125 125;
   -125 125;
   -125 125;
   -125 125;
   -125 125;
   -125 125;
   -125 125;
   -125 125;
   -125 125;
   -125 125;
   -125 125;
   -125 125;
   -125 125;
   -125 125;
   -125 125;
   -125 125;
   -125 125;
   -125 125;
   -125 125;
   -125 125;
   -125 125;
   -125 125;
   -125 125;
   -125 125;
   -125 125;
   -125 125;
   -125 125;
   -125 125;
   -125 125;
   -125 125;
   -125 125;
   -125 125;
   -125 125;
   -125 125;
   -125 125;
   -125 125;
   -125 125;
   -125 125;
   -125 125;
   -125 125;
   -125 125;
   -125 125;
   -125 125;
   -125 125;
   -125 125;
   -125 125;
   -125 125;
   -125 125;
   -125 125;
   -125 125;
   -125 125;
   -125 125];
PLN_INFO.CP_info{5,4} = ...
  [-161 161;
   -167 167;
   -173 173;
   -175 175;
   -175 175;
   -175 175;
   -175 175;
   -175 175;
   -175 175;
   -175 175;
   -175 175;
   -175 175;
   -175 175;
   -175 175;
   -175 175;
   -175 175;
   -175 175;
   -175 175;
   -175 175;
   -175 175;
   -175 175;
   -175 175;
   -175 175;
   -175 175;
   -175 175;
   -175 175;
   -175 175;
   -175 175;
   -175 175;
   -175 175;
   -175 175;
   -175 175;
   -175 175;
   -175 175;
   -175 175;
   -175 175;
   -175 175;
   -175 175;
   -175 175;
   -175 175;
   -175 175;
   -175 175;
   -175 175;
   -175 175;
   -175 175;
   -175 175;
   -175 175;
   -175 175;
   -175 175;
   -175 175;
   -175 175;
   -175 175;
   -175 175;
   -175 175;
   -175 175;
   -175 175;
   -175 175;
   -175 175;
   -175 175;
   -175 175;
   -175 175;
   -175 175;
   -175 175;
   -175 175;
   -175 175;
   -175 175;
   -175 175;
   -175 175;
   -175 175;
   -175 175;
   -175 175;
   -175 175;
   -175 175;
   -175 175;
   -175 175;
   -175 175;
   -175 175;
   -173 173;
   -167 167;
   -161 161];
